0.0
0.0
0.0
0.0
0.0
0.0
0.0
0.0
0.0
0.0
0.0
0.0
0.0
0.0
0.0
0.0
0.0
0.0
0.0
0.0
0.0
0.0
0.0
0.0
0.0
0.0
0.0
0.0
0.0
0.0
0.0
0.0
0.0
0.0
0.0
0.0
0.0
0.0
0.0
0.0
0.0
0.0
0.0
0.0
0.0
0.0
0.0
0.0
0.0
0.0
0.0
0.0
0.0
0.0
0.0
0.0
0.0
0.0
0.0
0.0
0.0
0.0
0.0
0.0
0.0
0.0
0.0
0.0
0.0
0.0
0.0
0.0
0.0
0.0
0.0
0.0
0.0
0.0
0.0
0.0
0.0
0.0
0.0
0.0
0.0
0.0
0.0
0.0
0.0
0.0
0.0
126.367103103
126.18617017
126.005237237
125.824304304
125.643371371
125.462438438
125.281505506
125.100572573
124.91963964
124.738706707
124.557773774
124.376840841
124.195907908
124.014974975
123.834042042
123.653109109
123.472176176
123.291243243
123.11031031
122.929377377
122.748444444
122.567511512
122.386578579
122.205645646
122.024712713
121.84377978
121.662846847
121.481913914
121.300980981
121.120048048
120.939115115
120.758182182
120.577249249
120.396316316
120.215383383
120.03445045
119.853517518
119.672584585
119.491651652
119.310718719
119.129785786
118.948852853
118.76791992
118.586986987
118.406054054
118.225121121
118.044188188
117.863255255
117.682322322
117.501389389
117.320456456
117.139523524
116.958590591
116.777657658
116.596724725
116.415791792
116.234858859
116.053925926
115.872992993
115.69206006
115.511127127
115.330194194
115.149261261
114.968328328
114.787395395
114.606462462
114.42552953
114.244596597
114.063663664
113.882730731
113.701797798
113.520864865
113.339931932
113.158998999
112.978066066
112.797133133
112.6162002
112.435267267
112.254334334
112.073401401
111.892468468
111.711535536
111.530602603
111.34966967
111.168736737
110.987803804
110.806870871
110.625937938
110.445005005
110.264072072
110.083139139
109.902206206
109.721273273
109.54034034
109.359407407
109.178474474
108.997541542
108.816608609
108.635675676
108.454742743
108.27380981
108.092876877
107.911943944
107.731011011
107.550078078
107.369145145
107.188212212
107.007279279
106.826346346
106.645413413
106.46448048
106.283547548
106.102614615
105.921681682
105.740748749
105.559815816
105.378882883
105.19794995
105.017017017
104.836084084
104.655151151
104.474218218
104.293285285
104.112352352
103.931419419
103.750486486
103.569553554
103.388620621
103.207687688
103.026754755
102.845821822
102.664888889
102.483955956
102.303023023
102.12209009
101.941157157
101.760224224
101.579291291
101.398358358
101.217425425
101.036492492
100.85555956
100.674626627
100.493693694
100.312760761
100.131827828
99.9508948949
99.769961962
99.589029029
99.4080960961
99.2271631632
99.0462302302
98.8652972973
98.6843643644
98.5034314314
98.3224984985
98.1415655656
97.9606326326
97.7796996997
97.5987667668
97.4178338338
97.2369009009
97.055967968
96.875035035
96.6941021021
96.5131691692
96.3322362362
96.1513033033
95.9703703704
95.7894374374
95.6085045045
95.4275715716
95.2466386386
95.0657057057
94.8847727728
94.7038398398
94.5229069069
94.341973974
94.161041041
93.9801081081
93.7991751752
93.6182422422
93.4373093093
93.2563763764
93.0754434434
92.8945105105
92.7135775776
92.5326446446
92.3517117117
92.1707787788
91.9898458458
91.8089129129
91.62797998
91.447047047
91.2661141141
91.0851811812
90.9042482482
90.7233153153
90.5423823824
90.3614494494
90.1805165165
89.9995835836
89.8186506507
89.6377177177
89.4567847848
89.2758518519
89.0949189189
88.913985986
88.7330530531
88.5521201201
88.3711871872
88.1902542543
88.0093213213
87.8283883884
87.6474554555
87.4665225225
87.2855895896
87.1046566567
86.9237237237
86.7427907908
86.5618578579
86.3809249249
86.199991992
86.0190590591
85.8381261261
85.6571931932
85.4762602603
85.2953273273
85.1143943944
84.9334614615
84.7525285285
84.5715955956
84.3906626627
84.2097297297
84.0287967968
83.8478638639
83.6669309309
83.485997998
83.3050650651
83.1241321321
82.9431991992
82.7622662663
82.5813333333
82.4004004004
82.2194674675
82.0385345345
81.8576016016
81.6766686687
81.4957357357
81.3148028028
81.1338698699
80.9529369369
80.772004004
80.5910710711
80.4101381381
80.2292052052
80.0482722723
79.8673393393
79.6864064064
79.5054734735
79.3245405405
79.1436076076
78.9626746747
78.7817417417
78.6008088088
78.4198758759
78.2389429429
78.05801001
77.8770770771
77.6961441441
77.5152112112
77.3342782783
77.1533453453
76.9724124124
76.7914794795
76.6105465465
76.4296136136
76.2486806807
76.0677477477
75.8868148148
75.7058818819
75.5249489489
75.344016016
75.1630830831
74.9821501502
74.8012172172
74.6202842843
74.4393513514
74.2584184184
74.0774854855
73.8965525526
73.7156196196
73.5346866867
73.3537537538
73.1728208208
72.9918878879
72.810954955
72.630022022
72.4490890891
72.2681561562
72.0872232232
71.9062902903
71.7253573574
71.5444244244
71.3634914915
71.1825585586
71.0016256256
70.8206926927
70.6397597598
70.4588268268
70.2778938939
70.096960961
69.916028028
69.7350950951
69.5541621622
69.3732292292
69.1922962963
69.0113633634
68.8304304304
68.6494974975
68.4685645646
68.2876316316
68.1066986987
67.9257657658
67.7448328328
67.5638998999
67.382966967
67.202034034
67.0211011011
66.8401681682
66.6592352352
66.4783023023
66.2973693694
66.1164364364
65.9355035035
65.7545705706
65.5736376376
65.3927047047
65.2117717718
65.0308388388
64.8499059059
64.668972973
64.48804004
64.3071071071
64.1261741742
63.9452412412
63.7643083083
63.5833753754
63.4024424424
63.2215095095
63.0405765766
62.8596436436
62.6787107107
62.4977777778
62.3168448448
62.1359119119
61.954978979
61.774046046
61.5931131131
61.4121801802
61.2312472472
61.0503143143
60.8693813814
60.6884484484
60.5075155155
60.3265825826
60.1456496496
59.9647167167
59.7837837838
59.6028508509
59.4219179179
59.240984985
59.0600520521
58.8791191191
58.6981861862
58.5172532533
58.3363203203
58.1553873874
57.9744544545
57.7935215215
57.6125885886
57.4316556557
57.2507227227
57.0697897898
56.8888568569
56.7079239239
56.526990991
56.3460580581
56.1651251251
55.9841921922
55.8032592593
55.6223263263
55.4413933934
55.2604604605
55.0795275275
54.8985945946
54.7176616617
54.5367287287
54.3557957958
54.1748628629
53.9939299299
53.812996997
53.6320640641
53.4511311311
53.2701981982
53.0892652653
52.9083323323
52.7273993994
52.5464664665
52.3655335335
52.1846006006
52.0036676677
51.8227347347
51.6418018018
51.4608688689
51.2799359359
51.099003003
50.9180700701
50.7371371371
50.5562042042
50.3752712713
50.1943383383
50.0134054054
49.8324724725
49.6515395395
49.4706066066
49.2896736737
49.1087407407
48.9278078078
48.7468748749
48.5659419419
48.385009009
48.2040760761
48.0231431431
47.8422102102
47.6612772773
47.4803443443
47.2994114114
47.1184784785
46.9375455455
46.7566126126
46.5756796797
46.3947467467
46.2138138138
46.0328808809
45.8519479479
45.671015015
45.4900820821
45.3091491491
45.1282162162
44.9472832833
44.7663503504
44.5854174174
44.4044844845
44.2235515516
44.0426186186
43.8616856857
43.6807527528
43.4998198198
43.3188868869
43.137953954
42.957021021
42.7760880881
42.5951551552
42.4142222222
42.2332892893
42.0523563564
41.8714234234
41.6904904905
41.5095575576
41.3286246246
41.1476916917
40.9667587588
40.7858258258
40.6048928929
40.42395996
40.243027027
40.0620940941
39.8811611612
39.7002282282
39.5192952953
39.3383623624
39.1574294294
38.9764964965
38.7955635636
38.6146306306
38.4336976977
38.2527647648
38.0718318318
37.8908988989
37.709965966
37.529033033
37.3481001001
37.1671671672
36.9862342342
36.8053013013
36.6243683684
36.4434354354
36.2625025025
36.0815695696
35.9006366366
35.7197037037
35.5387707708
35.3578378378
35.1769049049
34.995971972
34.815039039
34.6341061061
34.4531731732
34.2722402402
34.0913073073
33.9103743744
33.7294414414
33.5485085085
33.3675755756
33.1866426426
33.0057097097
32.8247767768
32.6438438438
32.4629109109
32.281977978
32.101045045
31.9201121121
31.7391791792
31.5582462462
31.3773133133
31.1963803804
31.0154474474
30.8345145145
30.6535815816
30.4726486486
30.2917157157
30.1107827828
29.9298498498
29.7489169169
29.567983984
29.3870510511
29.2061181181
29.0251851852
28.8442522523
28.6633193193
28.4823863864
28.3014534535
28.1205205205
27.9395875876
27.7586546547
27.5777217217
27.3967887888
27.2158558559
27.0349229229
26.85398999
26.6730570571
26.4921241241
26.3111911912
26.1302582583
25.9493253253
25.7683923924
25.5874594595
25.4065265265
25.2255935936
25.0446606607
24.8637277277
24.6827947948
24.5018618619
24.3209289289
24.139995996
23.9590630631
23.7781301301
23.5971971972
23.4162642643
23.2353313313
23.0543983984
22.8734654655
22.6925325325
22.5115995996
22.3306666667
22.1497337337
21.9688008008
21.7878678679
21.6069349349
21.426002002
21.2450690691
21.0641361361
20.8832032032
20.7022702703
20.5213373373
20.3404044044
20.1594714715
19.9785385385
19.7976056056
19.6166726727
19.4357397397
19.2548068068
19.0738738739
18.8929409409
18.712008008
18.5310750751
18.3501421421
18.1692092092
17.9882762763
17.8073433433
17.6264104104
17.4454774775
17.2645445445
17.0836116116
16.9026786787
16.7217457457
16.5408128128
16.3598798799
16.1789469469
15.998014014
15.8170810811
15.6361481481
15.4552152152
15.2742822823
15.0933493493
14.9124164164
14.7314834835
14.5505505506
14.3696176176
14.1886846847
14.0077517518
13.8268188188
13.6458858859
13.464952953
13.28402002
13.1030870871
12.9221541542
12.7412212212
12.5602882883
12.3793553554
12.1984224224
12.0174894895
11.8365565566
11.6556236236
11.4746906907
11.2937577578
11.1128248248
10.9318918919
10.750958959
10.570026026
10.3890930931
10.2081601602
10.0272272272
9.84629429429
9.66536136136
9.48442842843
9.3034954955
9.12256256256
8.94162962963
8.7606966967
8.57976376376
8.39883083083
8.2178978979
8.03696496496
7.85603203203
7.6750990991
7.49416616617
7.31323323323
7.1323003003
6.95136736737
6.77043443443
6.5895015015
6.40856856857
6.22763563564
6.0467027027
5.86576976977
5.68483683684
5.5039039039
5.32297097097
5.14203803804
4.96110510511
4.78017217217
4.59923923924
4.41830630631
4.23737337337
4.05644044044
3.87550750751
3.69457457457
3.51364164164
3.33270870871
3.15177577578
2.97084284284
2.78990990991
2.60897697698
2.42804404404
2.24711111111
2.06617817818
1.88524524525
1.70431231231
1.52337937938
1.34244644645
1.16151351351
0.980580580581
0.799647647648
0.618714714715
0.437781781782
0.256848848849
0.0759159159159
0.0
0.0
0.0
0.0
0.0
0.0
0.0
0.0
0.0
0.0
0.0
0.0
0.0
0.0
0.0
0.0
0.0
0.0
0.0
0.0
0.0
0.0
0.0
0.0
0.0
0.0
0.0
0.0
0.0
0.0
0.0
0.0
0.0
0.0
0.0
0.0
0.0
0.0
0.0
0.0
0.0
0.0
0.0
0.0
0.0
0.0
0.0
0.0
0.0
0.0
0.0
0.0
0.0
0.0
0.0
0.0
0.0
0.0
0.0
0.0
0.0
0.0
0.0
0.0
0.0
0.0
0.0
0.0
0.0
0.0
0.0
0.0
0.0
0.0
0.0
0.0
0.0
0.0
0.0
0.0
0.0
0.0
0.0
0.0
0.0
0.0
0.0
0.0
0.0
0.0
0.0
0.0
0.0
0.0
0.0
0.0
0.0
0.0
0.0
0.0
0.0
0.0
0.0
0.0
0.0
0.0
0.0
0.0
0.0
0.0
0.0
0.0
0.0
0.0
0.0
0.0
0.0
0.0
0.0
0.0
0.0
0.0
0.0
0.0
0.0
0.0
0.0
0.0
0.0
0.0
0.0
0.0
0.0
0.0
0.0
0.0
0.0
0.0
0.0
0.0
0.0
0.0
0.0
0.0
0.0
0.0
0.0
0.0
0.0
0.0
0.0
0.0
0.0
0.0
0.0
0.0
0.0
0.0
0.0
0.0
0.0
0.0
0.0
0.0
0.0
0.0
0.0
0.0
0.0
0.0
0.0
0.0
0.0
0.0
0.0
0.0
0.0
0.0
0.0
0.0
0.0
0.0
0.0
0.0
0.0
0.0
0.0
0.0
0.0
0.0
0.0
0.0
0.0
0.0
0.0
0.0
0.0
0.0
0.0
0.0
0.0
0.0
0.0
0.0
0.0
0.0
0.0
0.0
0.0
0.0
