-3.000000000000000444e+00,8.000000000000000000e+00
-2.966966966966967156e+00,8.000000000000000000e+00
-2.933933933933933869e+00,8.000000000000000000e+00
-2.900900900900901025e+00,8.000000000000000000e+00
-2.867867867867867737e+00,8.000000000000000000e+00
-2.834834834834835338e+00,8.000000000000000000e+00
-2.801801801801802050e+00,8.000000000000000000e+00
-2.768768768768769206e+00,8.000000000000000000e+00
-2.735735735735735918e+00,8.000000000000000000e+00
-2.702702702702703075e+00,8.000000000000000000e+00
-2.669669669669669787e+00,8.000000000000000000e+00
-2.636636636636636943e+00,8.000000000000000000e+00
-2.603603603603603656e+00,8.000000000000000000e+00
-2.570570570570570812e+00,8.000000000000000000e+00
-2.537537537537537968e+00,8.000000000000000000e+00
-2.504504504504505125e+00,8.000000000000000000e+00
-2.471471471471471837e+00,8.000000000000000000e+00
-2.438438438438438993e+00,8.000000000000000000e+00
-2.405405405405405705e+00,8.000000000000000000e+00
-2.372372372372372418e+00,8.000000000000000000e+00
-2.339339339339339574e+00,8.000000000000000000e+00
-2.306306306306306286e+00,8.000000000000000000e+00
-2.273273273273273443e+00,8.000000000000000000e+00
-2.240240240240240599e+00,8.000000000000000000e+00
-2.207207207207207311e+00,8.000000000000000000e+00
-2.174174174174174468e+00,8.000000000000000000e+00
-2.141141141141141624e+00,8.000000000000000000e+00
-2.108108108108108336e+00,8.000000000000000000e+00
-2.075075075075075492e+00,8.000000000000000000e+00
-2.042042042042042205e+00,8.000000000000000000e+00
-2.009009009009009361e+00,8.000000000000000000e+00
-1.975975975975976295e+00,8.000000000000000000e+00
-1.942942942942943230e+00,8.000000000000000000e+00
-1.909909909909910164e+00,8.000000000000000000e+00
-1.876876876876877098e+00,8.000000000000000000e+00
-1.843843843843844255e+00,8.000000000000000000e+00
-1.810810810810811189e+00,8.000000000000000000e+00
-1.777777777777778123e+00,8.000000000000000000e+00
-1.744744744744745057e+00,8.000000000000000000e+00
-1.711711711711712214e+00,8.000000000000000000e+00
-1.678678678678679148e+00,8.000000000000000000e+00
-1.645645645645646082e+00,8.000000000000000000e+00
-1.612612612612613017e+00,8.000000000000000000e+00
-1.579579579579579951e+00,8.000000000000000000e+00
-1.546546546546547107e+00,8.000000000000000000e+00
-1.513513513513514042e+00,8.000000000000000000e+00
-1.480480480480480976e+00,8.000000000000000000e+00
-1.447447447447447688e+00,8.000000000000000000e+00
-1.414414414414414622e+00,8.000000000000000000e+00
-1.381381381381381779e+00,8.000000000000000000e+00
-1.348348348348348713e+00,8.000000000000000000e+00
-1.315315315315315647e+00,8.000000000000000000e+00
-1.282282282282282582e+00,8.000000000000000000e+00
-1.249249249249249738e+00,8.000000000000000000e+00
-1.216216216216216672e+00,8.000000000000000000e+00
-1.183183183183183607e+00,8.000000000000000000e+00
-1.150150150150150541e+00,8.000000000000000000e+00
-1.117117117117117475e+00,8.000000000000000000e+00
-1.084084084084084632e+00,8.000000000000000000e+00
-1.051051051051051566e+00,8.000000000000000000e+00
-1.018018018018018500e+00,8.000000000000000000e+00
-9.849849849849853234e-01,8.000000000000000000e+00
-9.519519519519524797e-01,8.000000000000000000e+00
-9.189189189189194140e-01,8.000000000000000000e+00
-8.858858858858863483e-01,8.000000000000000000e+00
-8.528528528528532826e-01,8.000000000000000000e+00
-8.198198198198202169e-01,8.000000000000000000e+00
-7.867867867867871512e-01,8.000000000000000000e+00
-7.537537537537540855e-01,8.000000000000000000e+00
-7.207207207207214639e-01,8.000000000000000000e+00
-6.876876876876883982e-01,8.000000000000000000e+00
-6.546546546546552214e-01,8.000000000000000000e+00
-6.216216216216221557e-01,8.000000000000000000e+00
-5.885885885885890900e-01,8.000000000000000000e+00
-5.555555555555560243e-01,8.000000000000000000e+00
-5.225225225225229586e-01,8.000000000000000000e+00
-4.894894894894898929e-01,8.000000000000000000e+00
-4.564564564564567717e-01,8.000000000000000000e+00
-4.234234234234241501e-01,8.000000000000000000e+00
-3.903903903903910844e-01,8.000000000000000000e+00
-3.573573573573580187e-01,8.000000000000000000e+00
-3.243243243243249530e-01,8.000000000000000000e+00
-2.912912912912918317e-01,8.000000000000000000e+00
-2.582582582582587660e-01,8.000000000000000000e+00
-2.252252252252257003e-01,8.000000000000000000e+00
-1.921921921921926069e-01,8.000000000000000000e+00
-1.591591591591595412e-01,8.000000000000000000e+00
-1.261261261261269195e-01,8.000000000000000000e+00
-9.309309309309383995e-02,8.000000000000000000e+00
-6.006006006006075343e-02,8.000000000000000000e+00
-2.702702702702767731e-02,8.000000000000000000e+00
6.006006006005401403e-03,2.908738860970307982e+00
3.903903903903847838e-02,2.912147640767426715e+00
7.207207207207155797e-02,2.917696631643289962e+00
1.051051051051046376e-01,2.925146759564384524e+00
1.381381381381377171e-01,2.934290331258382345e+00
1.711711711711707828e-01,2.944946492303722962e+00
2.042042042042034322e-01,2.956957471978595819e+00
2.372372372372364979e-01,2.970185473495101647e+00
2.702702702702695636e-01,2.984510101827261508e+00
3.033033033033026293e-01,2.999826248826154895e+00
3.363363363363357506e-01,3.016042379694257924e+00
3.693693693693688163e-01,3.033079189478900872e+00
4.024024024024018820e-01,3.050868627913422948e+00
4.354354354354349477e-01,3.069353334764889141e+00
4.684684684684680689e-01,3.088486605918047800e+00
5.015015015015006350e-01,3.108233173765547086e+00
5.345345345345337007e-01,3.128571484287189008e+00
5.675675675675668774e-01,3.149499322239137200e+00
6.006006006005999431e-01,3.171049115076171709e+00
6.336336336336330088e-01,3.193348341945950963e+00
6.666666666666660745e-01,3.216880575184947411e+00
6.996996996996991403e-01,3.240531985661926129e+00
7.327327327327322060e-01,3.263997699475827297e+00
7.657657657657652717e-01,3.287288624278668969e+00
7.987987987987978933e-01,3.310414721439146390e+00
8.318318318318309590e-01,3.333385099045981015e+00
8.648648648648641357e-01,3.356208095482136500e+00
8.978978978978972014e-01,3.378891354738215114e+00
9.309309309309302671e-01,3.401441894499408036e+00
9.639639639639633328e-01,3.423866167930579962e+00
9.969969969969963985e-01,3.446170119996563308e+00
1.030030030030029575e+00,3.468359239089011226e+00
1.063063063063062641e+00,3.490438604688399948e+00
1.096096096096095263e+00,3.512412931772747271e+00
1.129129129129128772e+00,3.534286612699405694e+00
1.162162162162161394e+00,3.556063757344206877e+00
1.195195195195194904e+00,3.577748232401765982e+00
1.228228228228227525e+00,3.599343700966596060e+00
1.261261261261260147e+00,3.620853663887521279e+00
1.294294294294293657e+00,3.642281505032705091e+00
1.327327327327326278e+00,3.663630543745533430e+00
1.360360360360359788e+00,3.684904099884466433e+00
1.393393393393392410e+00,3.706105580985264325e+00
1.426426426426425920e+00,3.727238609887915999e+00
1.459459459459458541e+00,3.748307231962200170e+00
1.492492492492492051e+00,3.769316297995072063e+00
1.525525525525524673e+00,3.790272313659627024e+00
1.558558558558557294e+00,3.811186043309396254e+00
1.591591591591590804e+00,3.832091949949081311e+00
1.624624624624623648e+00,3.852960822962725018e+00
1.657657657657657158e+00,3.873748891882486056e+00
1.690690690690689779e+00,3.894456464928818917e+00
1.723723723723723289e+00,3.915083801228952609e+00
1.756756756756755911e+00,3.935631116019767006e+00
1.789789789789789420e+00,3.956098585389959510e+00
1.822822822822822042e+00,3.976486350602648656e+00
1.855855855855854664e+00,3.996794522035768793e+00
1.888888888888888173e+00,4.017023182774035028e+00
1.921921921921920795e+00,4.037172391883027345e+00
1.954954954954954305e+00,4.057242187393221400e+00
1.987987987987986926e+00,4.077232589019109454e+00
2.021021021021020658e+00,4.097143600636306893e+00
2.054054054054053058e+00,4.116975212537474782e+00
2.087087087087086790e+00,4.136727403485958021e+00
2.120120120120119189e+00,4.156400142584381285e+00
2.153153153153152033e+00,4.175993390973911978e+00
2.186186186186185321e+00,4.195507103378480096e+00
2.219219219219218164e+00,4.214941229507047638e+00
2.252252252252251452e+00,4.234295715325819387e+00
2.285285285285284296e+00,4.253570504211284131e+00
2.318318318318317584e+00,4.272765537994056118e+00
2.351351351351350427e+00,4.291880757902600152e+00
2.384384384384383715e+00,4.310916105415172339e+00
2.417417417417416559e+00,4.329871523027602365e+00
2.450450450450448958e+00,4.348746954943891296e+00
2.483483483483482690e+00,4.367542347696032223e+00
2.516516516516515090e+00,4.386257650698913935e+00
2.549549549549548821e+00,4.404892816745689998e+00
2.582582582582581665e+00,4.423447802448560395e+00
2.615615615615614953e+00,4.441922568629474988e+00
2.648648648648647796e+00,4.460317080664948364e+00
2.681681681681681084e+00,4.478631308788799892e+00
2.714714714714713928e+00,4.496865228356333510e+00
2.747747747747746327e+00,4.515018820073180450e+00
2.780780780780780059e+00,4.533092070191806933e+00
2.813813813813812459e+00,4.551084970678383357e+00
2.846846846846846191e+00,4.568997519352558712e+00
2.879879879879878590e+00,4.586829720002445931e+00
2.912912912912912322e+00,4.604581582476947155e+00
2.945945945945944722e+00,4.622253122757392418e+00
2.978978978978978454e+00,4.639844363010294792e+00
3.012012012012010853e+00,4.657355331622875738e+00
3.045045045045043697e+00,4.674786063222924781e+00
3.078078078078076985e+00,4.692136598684376381e+00
3.111111111111109828e+00,4.709406985119924727e+00
3.144144144144143560e+00,4.726597275861873726e+00
3.177177177177175960e+00,4.743707530432333286e+00
3.210210210210209691e+00,4.760737814503757548e+00
3.243243243243242091e+00,4.777688199850814499e+00
3.276276276276275823e+00,4.794558764294396092e+00
3.309309309309308222e+00,4.811349591638608203e+00
3.342342342342341954e+00,4.828060771601460743e+00
3.375375375375374354e+00,4.844692399739924049e+00
3.408408408408407197e+00,4.861244577370015918e+00
3.441441441441440485e+00,4.877717411482428211e+00
3.474474474474473329e+00,4.894111014654296099e+00
3.507507507507506617e+00,4.910425504957537157e+00
3.540540540540539460e+00,4.926661005864247045e+00
3.573573573573572748e+00,4.942817646149535449e+00
3.606606606606605592e+00,4.958895559792209085e+00
3.639639639639638879e+00,4.974894885873626826e+00
3.672672672672671723e+00,4.990815768475057368e+00
3.705705705705704123e+00,5.006658356573833402e+00
3.738738738738737855e+00,5.022422803938564329e+00
3.771771771771770698e+00,5.038109269023667736e+00
3.804804804804803986e+00,5.053717914863426586e+00
3.837837837837836830e+00,5.069248908965791500e+00
3.870870870870870117e+00,5.084702423206119093e+00
3.903903903903902961e+00,5.100078633721006227e+00
3.936936936936936249e+00,5.115377720802396055e+00
3.969969969969969092e+00,5.130599868792065976e+00
4.003003003003001936e+00,5.145745265976675142e+00
4.036036036036034780e+00,5.160814104483440801e+00
4.069069069069067623e+00,5.175806580176584681e+00
4.102102102102101355e+00,5.190722892554632928e+00
4.135135135135134199e+00,5.205563244648644172e+00
4.168168168168167043e+00,5.220327842921472339e+00
4.201201201201199886e+00,5.235016897168109473e+00
4.234234234234233618e+00,5.249630620417181426e+00
4.267267267267266462e+00,5.264169228833642578e+00
4.300300300300298417e+00,5.278632941622740660e+00
4.333333333333332149e+00,5.293021980935263215e+00
4.366366366366364993e+00,5.307336571774129652e+00
4.399399399399398725e+00,5.321576941902346647e+00
4.432432432432431568e+00,5.335743321752360657e+00
4.465465465465464412e+00,5.349835944336829741e+00
4.498498498498497256e+00,5.363855045160835999e+00
4.531531531531530987e+00,5.377800862135542204e+00
4.564564564564563831e+00,5.391673635493333450e+00
4.597597597597595787e+00,5.405473607704421646e+00
4.630630630630629518e+00,5.419201023394938588e+00
4.663663663663662362e+00,5.432856129266516731e+00
4.696696696696696094e+00,5.446439174017357665e+00
4.729729729729728049e+00,5.459950408264797161e+00
4.762762762762761781e+00,5.473390084469343719e+00
4.795795795795794625e+00,5.486758456860213684e+00
4.828828828828828357e+00,5.500055781362341634e+00
4.861861861861860312e+00,5.513282315524852706e+00
4.894894894894893156e+00,5.526438318451005749e+00
4.927927927927926888e+00,5.539524050729582427e+00
4.960960960960959731e+00,5.552539774367726721e+00
4.993993993993993463e+00,5.565485752725205515e+00
5.027027027027025419e+00,5.578362250450091153e+00
5.060060060060059151e+00,5.591169533415847326e+00
5.093093093093091994e+00,5.603907868659808500e+00
5.126126126126125726e+00,5.616577524323026260e+00
5.159159159159157682e+00,5.629178769591494103e+00
5.192192192192190525e+00,5.641711874638698276e+00
5.225225225225223369e+00,5.654177110569510667e+00
5.258258258258257989e+00,5.666574749365394403e+00
5.291291291291289944e+00,5.678905063830905320e+00
5.324324324324322788e+00,5.691168327541474170e+00
5.357357357357355632e+00,5.703364814792458048e+00
5.390390390390390252e+00,5.715494800549440590e+00
5.423423423423422207e+00,5.727558560399755194e+00
5.456456456456455051e+00,5.739556370505242811e+00
5.489489489489487895e+00,5.751488507556181240e+00
5.522522522522520738e+00,5.763355248726436564e+00
5.555555555555554470e+00,5.775156871629741673e+00
5.588588588588587314e+00,5.786893654277153409e+00
5.621621621621620157e+00,5.798565875035636807e+00
5.654654654654653001e+00,5.810173812587775544e+00
5.687687687687687621e+00,5.821717745892577511e+00
5.720720720720719576e+00,5.833197954147385289e+00
5.753753753753752420e+00,5.844614716750854200e+00
5.786786786786785264e+00,5.855968313267009506e+00
5.819819819819818107e+00,5.867259023390333006e+00
5.852852852852851839e+00,5.878487126911910110e+00
5.885885885885884683e+00,5.889652903686592111e+00
5.918918918918917527e+00,5.900756633601175416e+00
5.951951951951950370e+00,5.911798596543596851e+00
5.984984984984984102e+00,5.922779072373108633e+00
6.018018018018016946e+00,5.933698340891450762e+00
6.051051051051049789e+00,5.944556681815006627e+00
6.084084084084082633e+00,5.955354374747923174e+00
6.117117117117114589e+00,5.966091699156194750e+00
6.150150150150149209e+00,5.976768934342723938e+00
6.183183183183182052e+00,5.987386359423323867e+00
6.216216216216214896e+00,5.997944253303685969e+00
6.249249249249247740e+00,6.008442894657305189e+00
6.282282282282281471e+00,6.018882561904353778e+00
6.315315315315314315e+00,6.029263533191521418e+00
6.348348348348347159e+00,6.039586086372814577e+00
6.381381381381380002e+00,6.049850498991330205e+00
6.414414414414411958e+00,6.060057048262007307e+00
6.447447447447446578e+00,6.070206011055374162e+00
6.480480480480479422e+00,6.080297663882287651e+00
6.513513513513512265e+00,6.090332282879714398e+00
6.546546546546544221e+00,6.100310143797551987e+00
6.579579579579578841e+00,6.110231521986509762e+00
6.612612612612611684e+00,6.120096692387092752e+00
6.645645645645644528e+00,6.129905929519739338e+00
6.678678678678676484e+00,6.139659507476102895e+00
6.711711711711709327e+00,6.149357699911577768e+00
6.744744744744743947e+00,6.159000780039086465e+00
6.777777777777776791e+00,6.168589020624210661e+00
6.810810810810808746e+00,6.178122693981729086e+00
6.843843843843841590e+00,6.187602071973635098e+00
6.876876876876876210e+00,6.197027426008755668e+00
6.909909909909909054e+00,6.206399027044037453e+00
6.942942942942941897e+00,6.215717145587670522e+00
6.975975975975973853e+00,6.224982051704157193e+00
7.009009009009006697e+00,6.234194015021506274e+00
7.042042042042041317e+00,6.243353304740739240e+00
7.075075075075074160e+00,6.252460189647933042e+00
7.108108108108106116e+00,6.261514938129051799e+00
7.141141141141138959e+00,6.270517818187864911e+00
7.174174174174173579e+00,6.279469097467301530e+00
7.207207207207206423e+00,6.288369043274638415e+00
7.240240240240238379e+00,6.297217922611027419e+00
7.273273273273271222e+00,6.306016002205883098e+00
7.306306306306304066e+00,6.314763548556848960e+00
7.339339339339338686e+00,6.323460827976099097e+00
7.372372372372370641e+00,6.332108106643945078e+00
7.405405405405403485e+00,6.340705650670916071e+00
7.438438438438436329e+00,6.349253726169663103e+00
7.471471471471470949e+00,6.357752599338422073e+00
7.504504504504503792e+00,6.366202536558081881e+00
7.537537537537535748e+00,6.374603804505469817e+00
7.570570570570568592e+00,6.382956670286013434e+00
7.603603603603601435e+00,6.391261401589863667e+00
7.636636636636636055e+00,6.399518266876560446e+00
7.669669669669668011e+00,6.407727535594845314e+00
7.702702702702700854e+00,6.415889478446155536e+00
7.735735735735733698e+00,6.424004367703023632e+00
7.768768768768768318e+00,6.432072477597395199e+00
7.801801801801800273e+00,6.440094084799156349e+00
7.834834834834833117e+00,6.448069469012941646e+00
7.867867867867865961e+00,6.455998913732644340e+00
7.900900900900898804e+00,6.463882707210457212e+00
7.933933933933932536e+00,6.471721143724384007e+00
7.966966966966965380e+00,6.479514525272036529e+00
7.999999999999998224e+00,6.487263163892336593e+00
8.033033033033030179e+00,6.494967384946837008e+00
8.066066066066065687e+00,6.502627531934782823e+00
8.099099099099097643e+00,6.510243973900646353e+00
8.132132132132131375e+00,6.517817117550288586e+00
8.165165165165163330e+00,6.525347428785889470e+00
8.198198198198195286e+00,6.532835475865587327e+00
8.231231231231230794e+00,6.540282034342911999e+00
8.264264264264262749e+00,6.547688465990745499e+00
8.297297297297294705e+00,6.555058598085796717e+00
8.330330330330328437e+00,6.562386464790132656e+00
8.363363363363362168e+00,6.569670022654698016e+00
8.396396396396395900e+00,6.576909508933979964e+00
8.429429429429427856e+00,6.584105159729582546e+00
8.462462462462459811e+00,6.591257209991715271e+00
8.495495495495493543e+00,6.598365893520799830e+00
8.528528528528527275e+00,6.605431442969194045e+00
8.561561561561559230e+00,6.612454089843013527e+00
8.594594594594592962e+00,6.619434064504069681e+00
8.627627627627624918e+00,6.626371596171906297e+00
8.660660660660660426e+00,6.633266912925930292e+00
8.693693693693692381e+00,6.640120241707644588e+00
8.726726726726724337e+00,6.646931808322969815e+00
8.759759759759758069e+00,6.653701837444658373e+00
8.792792792792790024e+00,6.660430552614793775e+00
8.825825825825825532e+00,6.667118176247370798e+00
8.858858858858857488e+00,6.673764929630965348e+00
8.891891891891889443e+00,6.680371032931475384e+00
8.924924924924923175e+00,6.686936705194939989e+00
8.957957957957956907e+00,6.693462164350432175e+00
8.990990990990988863e+00,6.699947627213022727e+00
9.024024024024022594e+00,6.706393309486810672e+00
9.057057057057054550e+00,6.712799425768025685e+00
9.090090090090088282e+00,6.719166189548185564e+00
9.123123123123122014e+00,6.725493813217322092e+00
9.156156156156153969e+00,6.731782508067261972e+00
9.189189189189187701e+00,6.738032484294965485e+00
9.222222222222219656e+00,6.744243951005929993e+00
9.255255255255253388e+00,6.750417116217626301e+00
9.288288288288287120e+00,6.756552186863006071e+00
9.321321321321319076e+00,6.762649368794043880e+00
9.354354354354352807e+00,6.768708866785339673e+00
9.387387387387384763e+00,6.774730884537754960e+00
9.420420420420418495e+00,6.780715624682099651e+00
9.453453453453452227e+00,6.786663288782852632e+00
9.486486486486484182e+00,6.792574077341939187e+00
9.519519519519517914e+00,6.798448189802526187e+00
9.552552552552551646e+00,6.804285824552868789e+00
9.585585585585583601e+00,6.810087178930183782e+00
9.618618618618617333e+00,6.815852449224566456e+00
9.651651651651649289e+00,6.821581830682930558e+00
9.684684684684683020e+00,6.827275517512979341e+00
9.717717717717716752e+00,6.832933702887213911e+00
9.750750750750748708e+00,6.838556578946960229e+00
9.783783783783782440e+00,6.844144336806431639e+00
9.816816816816814395e+00,6.849697166556810046e+00
9.849849849849848127e+00,6.855215257270349305e+00
9.882882882882881859e+00,6.860698797004513239e+00
9.915915915915913814e+00,6.866147972806118105e+00
9.948948948948947546e+00,6.871562970715514140e+00
9.981981981981981278e+00,6.876943975770768880e+00
1.001501501501501323e+01,6.882291172011880676e+00
1.004804804804804697e+01,6.887604742485004650e+00
1.008108108108107892e+01,6.892884869246691082e+00
1.011411411411411088e+01,6.898131733368149554e+00
1.014714714714714638e+01,6.903345514939514871e+00
1.018018018018017834e+01,6.908526393074128968e+00
1.021321321321321207e+01,6.913674545912845026e+00
1.024624624624624403e+01,6.918790150628325364e+00
1.027927927927927776e+01,6.923873383429364203e+00
1.031231231231231149e+01,6.928924419565210435e+00
1.034534534534534345e+01,6.933943433329904593e+00
1.037837837837837540e+01,6.938930598066619382e+00
1.041141141141140913e+01,6.943886086172009087e+00
1.044444444444444287e+01,6.948810069100562536e+00
1.047747747747747660e+01,6.953702717368964947e+00
1.051051051051050855e+01,6.958564200560461543e+00
1.054354354354354051e+01,6.963394687329225619e+00
1.057657657657657602e+01,6.968194345404725709e+00
1.060960960960960797e+01,6.972963341596106090e+00
1.064264264264264170e+01,6.977701841796553062e+00
1.067567567567567366e+01,6.982410010987675442e+00
1.070870870870870561e+01,6.987088013243878848e+00
1.074174174174174112e+01,6.991736011736742640e+00
1.077477477477477308e+01,6.996354168739389756e+00
1.080780780780780503e+01,7.000942645630868100e+00
1.084084084084083877e+01,7.005501602900513269e+00
1.087387387387387250e+01,7.010031200152322839e+00
1.090690690690690623e+01,7.014531596109315537e+00
1.093993993993993818e+01,7.019002948617900195e+00
1.097297297297297014e+01,7.023445414652227825e+00
1.100600600600600387e+01,7.027859150318546355e+00
1.103903903903903760e+01,7.032244310859549152e+00
1.107207207207206956e+01,7.036601050658712886e+00
1.110510510510510329e+01,7.040929523244639832e+00
1.113813813813813525e+01,7.045229881295382413e+00
1.117117117117117076e+01,7.049502276642769516e+00
1.120420420420420271e+01,7.053746860276718600e+00
1.123723723723723467e+01,7.057963782349545134e+00
1.127027027027026840e+01,7.062153192180264050e+00
1.130330330330330035e+01,7.066315238258876974e+00
1.133633633633633586e+01,7.070450068250658582e+00
1.136936936936936782e+01,7.074557829000426956e+00
1.140240240240239977e+01,7.078638666536809509e+00
1.143543543543543350e+01,7.082692726076496470e+00
1.146846846846846724e+01,7.086720152028485487e+00
1.150150150150149919e+01,7.090721087998311134e+00
1.153453453453453292e+01,7.094695676792274419e+00
1.156756756756756488e+01,7.098644060421649193e+00
1.160060060060059861e+01,7.102566380106885902e+00
1.163363363363363234e+01,7.106462776281798455e+00
1.166666666666666430e+01,7.110333388597743109e+00
1.169969969969969803e+01,7.114178355927781361e+00
1.173273273273272999e+01,7.117997816370835729e+00
1.176576576576576549e+01,7.121791907255828669e+00
1.179879879879879745e+01,7.125560765145809050e+00
1.183183183183182940e+01,7.129304525842069751e+00
1.186486486486486314e+01,7.133023324388247488e+00
1.189789789789789509e+01,7.136717295074407552e+00
1.193093093093092882e+01,7.140386571441126762e+00
1.196396396396396256e+01,7.144031286283545334e+00
1.199699699699699451e+01,7.147651571655421421e+00
1.203003003003002824e+01,7.151247558873156329e+00
1.206306306306306197e+01,7.154819378519821527e+00
1.209609609609609393e+01,7.158367160449156330e+00
1.212912912912912766e+01,7.161891033789558492e+00
1.216216216216215962e+01,7.165391126948063238e+00
1.219519519519519157e+01,7.168867567614299219e+00
1.222822822822822708e+01,7.172320482764434679e+00
1.226126126126125904e+01,7.175749998665108542e+00
1.229429429429429277e+01,7.179156240877344608e+00
1.232732732732732472e+01,7.182539334260448882e+00
1.236036036036035846e+01,7.185899402975899797e+00
1.239339339339339219e+01,7.189236570491207345e+00
1.242642642642642414e+01,7.192550959583773995e+00
1.245945945945945788e+01,7.195842692344728064e+00
1.249249249249248983e+01,7.199111890182746443e+00
1.252552552552552356e+01,7.202358673827857771e+00
1.255855855855855729e+01,7.205583163335233188e+00
1.259159159159158925e+01,7.208785478088960197e+00
1.262462462462462121e+01,7.211965736805796112e+00
1.265765765765765671e+01,7.215124057538916169e+00
1.269069069069068867e+01,7.218260557681628775e+00
1.272372372372372240e+01,7.221375353971090760e+00
1.275675675675675436e+01,7.224468562491995982e+00
1.278978978978978631e+01,7.227540298680253272e+00
1.282282282282282182e+01,7.230590677326638627e+00
1.285585585585585378e+01,7.233619812580446506e+00
1.288888888888888573e+01,7.236627817953110942e+00
1.292192192192191946e+01,7.239614806321811535e+00
1.295495495495495319e+01,7.242580889933072363e+00
1.298798798798798693e+01,7.245526180406333339e+00
1.302102102102101888e+01,7.248450788737509143e+00
1.305405405405405084e+01,7.251354825302533058e+00
1.308708708708708457e+01,7.254238399860884812e+00
1.312012012012011830e+01,7.257101621559091775e+00
1.315315315315315203e+01,7.259944598934228388e+00
1.318618618618618399e+01,7.262767439917387158e+00
1.321921921921921594e+01,7.265570251837139004e+00
1.325225225225225145e+01,7.268353141422972286e+00
1.328528528528528163e+01,7.271116214808720279e+00
1.331831831831831536e+01,7.273859577535967347e+00
1.335135135135135087e+01,7.276583334557438221e+00
1.338438438438438105e+01,7.279287590240373973e+00
1.341741741741741656e+01,7.281972448369892881e+00
1.345045045045044674e+01,7.284638012152322872e+00
1.348348348348348047e+01,7.287284384218531308e+00
1.351651651651651598e+01,7.289911666627228115e+00
1.354954954954954616e+01,7.292519960868260043e+00
1.358258258258258167e+01,7.295109367865878269e+00
1.361561561561561184e+01,7.297679987982000682e+00
1.364864864864864558e+01,7.300231921019447512e+00
1.368168168168168108e+01,7.302765266225165419e+00
1.371471471471471126e+01,7.305280122293434708e+00
1.374774774774774500e+01,7.307776587369058774e+00
1.378078078078078050e+01,7.310254759050536677e+00
1.381381381381381068e+01,7.312714734393217952e+00
1.384684684684684619e+01,7.315156609912444985e+00
1.387987987987987637e+01,7.317580481586675845e+00
1.391291291291291010e+01,7.319986444860590247e+00
1.394594594594594561e+01,7.322374594648179524e+00
1.397897897897897579e+01,7.324745025335820614e+00
1.401201201201200952e+01,7.327097830785334054e+00
1.404504504504504148e+01,7.329433104337024218e+00
1.407807807807807521e+01,7.331750938812704455e+00
1.411111111111111072e+01,7.334051426518704453e+00
1.414414414414414090e+01,7.336334659248863410e+00
1.417717717717717463e+01,7.338600728287505426e+00
1.421021021021021014e+01,7.340849724412398025e+00
1.424324324324324031e+01,7.343081737897697359e+00
1.427627627627627582e+01,7.345296858516875638e+00
1.430930930930930600e+01,7.347495175545629920e+00
1.434234234234233973e+01,7.349676777764781122e+00
1.437537537537537524e+01,7.351841753463150830e+00
1.440840840840840542e+01,7.353990190440424790e+00
1.444144144144143915e+01,7.356122176010002178e+00
1.447447447447447111e+01,7.358237797001827118e+00
1.450750750750750484e+01,7.360337139765203318e+00
1.454054054054054035e+01,7.362420290171596271e+00
1.457357357357357053e+01,7.364487333617416809e+00
1.460660660660660426e+01,7.366538355026790441e+00
1.463963963963963621e+01,7.368573438854311597e+00
1.467267267267266995e+01,7.370592669087782767e+00
1.470570570570570368e+01,7.372596129250934993e+00
1.473873873873873563e+01,7.374583902406135039e+00
1.477177177177176937e+01,7.376556071157081895e+00
1.480480480480480487e+01,7.378512717651477537e+00
1.483783783783783505e+01,7.380453923583693232e+00
1.487087087087086879e+01,7.382379770197415425e+00
1.490390390390390074e+01,7.384290338288272082e+00
1.493693693693693447e+01,7.386185708206459033e+00
1.496996996996996998e+01,7.388065959859329901e+00
1.500300300300300016e+01,7.389931172713993135e+00
1.503603603603603389e+01,7.391781425799876182e+00
1.506906906906906585e+01,7.393616797711286104e+00
1.510210210210209958e+01,7.395437366609952434e+00
1.513513513513513331e+01,7.397243210227551380e+00
1.516816816816816527e+01,7.399034405868222919e+00
1.520120120120119900e+01,7.400811030411066582e+00
1.523423423423423095e+01,7.402573160312625689e+00
1.526726726726726469e+01,7.404320871609358257e+00
1.530030030030029842e+01,7.406054239920093707e+00
1.533333333333333037e+01,7.407773340448468247e+00
1.536636636636636410e+01,7.409478247985359367e+00
1.539939939939939961e+01,7.411169718549774466e+00
1.543243243243242979e+01,7.412852900683732926e+00
1.546546546546546352e+01,7.414528876008919411e+00
1.549849849849849548e+01,7.416197685609471790e+00
1.553153153153152921e+01,7.417859370277179565e+00
1.556456456456456294e+01,7.419513970513978762e+00
1.559759759759759490e+01,7.421161526534422848e+00
1.563063063063062863e+01,7.422802078268121662e+00
1.566366366366366059e+01,7.424435665362163483e+00
1.569669669669669432e+01,7.426062327183512224e+00
1.572972972972972805e+01,7.427682102821372645e+00
1.576276276276276000e+01,7.429295031089546697e+00
1.579579579579579374e+01,7.430901150528752552e+00
1.582882882882882392e+01,7.432500499408931205e+00
1.586186186186185942e+01,7.434093115731521095e+00
1.589489489489489316e+01,7.435679037231722965e+00
1.592792792792792511e+01,7.437258301380727410e+00
1.596096096096095884e+01,7.438830945387933546e+00
1.599399399399399258e+01,7.440397006203137487e+00
1.602702702702702453e+01,7.441956520518704821e+00
1.606006006006006004e+01,7.443509524771720898e+00
1.609309309309308844e+01,7.445056055146113572e+00
1.612612612612612395e+01,7.446596147574767954e+00
1.615915915915915946e+01,7.448129837741610082e+00
1.619219219219218786e+01,7.449657161083671930e+00
1.622522522522522692e+01,7.451178152793144882e+00
1.625825825825825177e+01,7.452692847819397670e+00
1.629129129129128728e+01,7.454201280870995205e+00
1.632432432432432279e+01,7.455703486417675663e+00
1.635735735735735474e+01,7.457199498692327566e+00
1.639039039039039025e+01,7.458689351692938452e+00
1.642342342342341865e+01,7.460173079184523104e+00
1.645645645645645061e+01,7.461650714701040243e+00
1.648948948948948612e+01,7.463122291547287901e+00
1.652252252252252163e+01,7.464587842800773920e+00
1.655555555555555358e+01,7.466047401313584686e+00
1.658858858858858909e+01,7.467500999714215659e+00
1.662162162162161749e+01,7.468948670409402801e+00
1.665465465465464945e+01,7.470390445585925576e+00
1.668768768768768496e+01,7.471826357212396630e+00
1.672072072072072046e+01,7.473256437041031930e+00
1.675375375375375597e+01,7.474680716609408471e+00
1.678678678678678082e+01,7.476099227242204215e+00
1.681981981981981633e+01,7.477512000052916719e+00
1.685285285285285184e+01,7.478919065945572875e+00
1.688588588588588379e+01,7.480320455616413788e+00
1.691891891891891930e+01,7.481716199555576097e+00
1.695195195195194771e+01,7.483106328048745759e+00
1.698498498498497966e+01,7.484490871178800298e+00
1.701801801801801517e+01,7.485869858827440382e+00
1.705105105105105068e+01,7.487243320676798319e+00
1.708408408408408263e+01,7.488611286211036777e+00
1.711711711711711104e+01,7.489973784717930627e+00
1.715015015015014654e+01,7.491330845290436358e+00
1.718318318318318205e+01,7.492682496828242833e+00
1.721621621621621401e+01,7.494028768039311394e+00
1.724924924924924952e+01,7.495369687441399087e+00
1.728228228228227792e+01,7.496705283363569450e+00
1.731531531531530987e+01,7.498035583947689986e+00
1.734834834834834538e+01,7.499360617149910979e+00
1.738138138138138089e+01,7.500680410742138093e+00
1.741441441441441285e+01,7.501994992313488098e+00
1.744744744744744125e+01,7.503304389271724162e+00
1.748048048048047676e+01,7.504608628844694707e+00
1.751351351351350871e+01,7.505907738081736724e+00
1.754654654654654422e+01,7.507201743855090648e+00
1.757957957957957973e+01,7.508490672861281467e+00
1.761261261261260813e+01,7.509774551622496297e+00
1.764564564564564009e+01,7.511053406487953943e+00
1.767867867867867560e+01,7.512327263635253161e+00
1.771171171171171110e+01,7.513596149071712027e+00
1.774474474474474306e+01,7.514860088635694879e+00
1.777777777777777857e+01,7.516119107997931259e+00
1.781081081081080697e+01,7.517373232662814431e+00
1.784384384384383893e+01,7.518622487969699009e+00
1.787687687687687443e+01,7.519866899094173718e+00
1.790990990990990994e+01,7.521106491049336817e+00
1.794294294294294190e+01,7.522341288687047545e+00
1.797597597597597030e+01,7.523571316699174893e+00
1.800900900900900581e+01,7.524796599618831294e+00
1.804204204204204132e+01,7.526017161821594748e+00
1.807507507507507327e+01,7.527233027526723852e+00
1.810810810810810878e+01,7.528444220798354181e+00
1.814114114114113718e+01,7.529650765546696434e+00
1.817417417417416914e+01,7.530852685529209722e+00
1.820720720720720465e+01,7.532050004351774852e+00
1.824024024024024015e+01,7.533242745469849844e+00
1.827327327327327211e+01,7.534430932189625452e+00
1.830630630630630051e+01,7.535614587669154929e+00
1.833933933933933602e+01,7.536793734919488230e+00
1.837237237237236798e+01,7.537968396805791116e+00
1.840540540540540349e+01,7.539138596048448271e+00
1.843843843843843899e+01,7.540304355224167310e+00
1.847147147147146384e+01,7.541465696767063243e+00
1.850450450450449935e+01,7.542622642969742941e+00
1.853753753753753486e+01,7.543775215984370064e+00
1.857057057057057037e+01,7.544923437823727319e+00
1.860360360360360232e+01,7.546067330362269843e+00
1.863663663663663073e+01,7.547206915337163480e+00
1.866966966966966623e+01,7.548342214349317736e+00
1.870270270270269819e+01,7.549473248864412511e+00
1.873573573573573370e+01,7.550600040213908848e+00
1.876876876876876921e+01,7.551722609596058788e+00
1.880180180180179406e+01,7.552840978076898359e+00
1.883483483483482956e+01,7.553955166591237891e+00
1.886786786786786507e+01,7.555065195943643452e+00
1.890090090090089703e+01,7.556171086809403192e+00
1.893393393393393254e+01,7.557272859735496340e+00
1.896696696696696804e+01,7.558370535141541779e+00
1.899999999999999645e+01,7.559464133320747514e+00
1.903303303303302840e+01,7.560553674440848582e+00
1.906606606606606391e+01,7.561639178545034312e+00
1.909909909909909942e+01,7.562720665552873811e+00
1.913213213213213137e+01,7.563798155261227230e+00
1.916516516516515978e+01,7.564871667345150819e+00
1.919819819819819529e+01,7.565941221358799318e+00
1.923123123123122724e+01,7.567006836736312358e+00
1.926426426426426275e+01,7.568068532792698200e+00
1.929729729729729826e+01,7.569126328724710362e+00
1.933033033033032311e+01,7.570180243611714488e+00
1.936336336336335862e+01,7.571230296416548988e+00
1.939639639639639412e+01,7.572276505986375916e+00
1.942942942942942963e+01,7.573318891053530066e+00
1.946246246246246159e+01,7.574357470236357415e+00
1.949549549549548999e+01,7.575392262040040237e+00
1.952852852852852550e+01,7.576423284857431995e+00
1.956156156156155745e+01,7.577450556969863804e+00
1.959459459459459296e+01,7.578474096547963335e+00
1.962762762762762847e+01,7.579493921652453281e+00
1.966066066066065332e+01,7.580510050234949837e+00
1.969369369369368883e+01,7.581522500138753173e+00
1.972672672672672434e+01,7.582531289099629035e+00
1.975975975975975629e+01,7.583536434746585897e+00
1.979279279279279180e+01,7.584537954602648568e+00
1.982582582582582020e+01,7.585535866085616696e+00
1.985885885885885571e+01,7.586530186508825935e+00
1.989189189189188767e+01,7.587520933081895791e+00
1.992492492492492318e+01,7.588508122911478360e+00
1.995795795795795868e+01,7.589491773001991071e+00
1.999099099099098353e+01,7.590471900256355653e+00
2.002402402402401904e+01,7.591448521476719336e+00
2.005705705705705455e+01,7.592421653365176049e+00
2.009009009009008651e+01,7.593391312524481407e+00
2.012312312312312201e+01,7.594357515458760588e+00
2.015615615615615752e+01,7.595320278574209993e+00
2.018918918918918237e+01,7.596279618179794468e+00
2.022222222222221788e+01,7.597235550487937417e+00
2.025525525525525339e+01,7.598188091615207362e+00
2.028828828828828890e+01,7.599137257582992966e+00
2.032132132132132085e+01,7.600083064318183368e+00
2.035435435435434925e+01,7.601025527653828107e+00
2.038738738738738476e+01,7.601964663329808580e+00
2.042042042042041672e+01,7.602900486993489082e+00
2.045345345345345223e+01,7.603833014200368723e+00
2.048648648648648773e+01,7.604762260414732467e+00
2.051951951951951258e+01,7.605688241010287065e+00
2.055255255255254809e+01,7.606610971270799659e+00
2.058558558558558360e+01,7.607530466390729273e+00
2.061861861861861556e+01,7.608446741475849429e+00
2.065165165165165106e+01,7.609359811543870755e+00
2.068468468468467947e+01,7.610269691525054725e+00
2.071771771771771142e+01,7.611176396262826493e+00
2.075075075075074693e+01,7.612079940514377974e+00
2.078378378378378244e+01,7.612980338951269133e+00
2.081681681681681795e+01,7.613877606160023070e+00
2.084984984984984280e+01,7.614771756642718437e+00
2.088288288288287831e+01,7.615662804817572962e+00
2.091591591591591381e+01,7.616550765019526992e+00
2.094894894894894577e+01,7.617435651500817251e+00
2.098198198198198128e+01,7.618317478431553269e+00
2.101501501501500968e+01,7.619196259900279600e+00
2.104804804804804164e+01,7.620072009914541589e+00
2.108108108108107714e+01,7.620944742401442262e+00
2.111411411411411265e+01,7.621814471208196551e+00
2.114714714714714461e+01,7.622681210102682847e+00
2.118018018018017301e+01,7.623544972773982131e+00
2.121321321321320852e+01,7.624405772832924200e+00
2.124624624624624403e+01,7.625263623812620573e+00
2.127927927927927598e+01,7.626118539168998289e+00
2.131231231231231149e+01,7.626970532281326598e+00
2.134534534534534700e+01,7.627819616452739204e+00
2.137837837837837185e+01,7.628665804910756520e+00
2.141141141141140736e+01,7.629509110807798145e+00
2.144444444444444287e+01,7.630349547221696227e+00
2.147747747747747482e+01,7.631187127156199956e+00
2.151051051051051033e+01,7.632021863541480045e+00
2.154354354354353873e+01,7.632853769234628771e+00
2.157657657657657069e+01,7.633682857020152923e+00
2.160960960960960620e+01,7.634509139610466733e+00
2.164264264264264170e+01,7.635332629646375935e+00
2.167567567567567721e+01,7.636153339697567155e+00
2.170870870870870206e+01,7.636971282263081306e+00
2.174174174174173757e+01,7.637786469771794096e+00
2.177477477477477308e+01,7.638598914582884980e+00
2.180780780780780503e+01,7.639408628986308791e+00
2.184084084084084054e+01,7.640215625203256700e+00
2.187387387387386894e+01,7.641019915386620731e+00
2.190690690690690090e+01,7.641821511621448515e+00
2.193993993993993641e+01,7.642620425925400696e+00
2.197297297297297192e+01,7.643416670249198575e+00
2.200600600600600387e+01,7.644210256477069976e+00
2.203903903903903228e+01,7.645001196427196888e+00
2.207207207207206778e+01,7.645789501852152448e+00
2.210510510510509974e+01,7.646575184439338813e+00
2.213813813813813525e+01,7.647358255811417038e+00
2.217117117117117076e+01,7.648138727526742286e+00
2.220420420420419916e+01,7.648916611079787486e+00
2.223723723723723111e+01,7.649691917901565219e+00
2.227027027027026662e+01,7.650464659360050490e+00
2.230330330330330213e+01,7.651234846760595509e+00
2.233633633633633409e+01,7.652002491346343582e+00
2.236936936936936959e+01,7.652767604298639448e+00
2.240240240240239800e+01,7.653530196737438729e+00
2.243543543543542995e+01,7.654290279721706725e+00
2.246846846846846546e+01,7.655047864249825196e+00
2.250150150150150097e+01,7.655802961259985828e+00
2.253453453453453292e+01,7.656555581630587248e+00
2.256756756756756133e+01,7.657305736180626710e+00
2.260060060060059683e+01,7.658053435670087339e+00
2.263363363363363234e+01,7.658798690800328046e+00
2.266666666666666430e+01,7.659541512214460113e+00
2.269969969969969981e+01,7.660281910497732660e+00
2.273273273273272821e+01,7.661019896177907462e+00
2.276576576576576016e+01,7.661755479725632867e+00
2.279879879879879567e+01,7.662488671554815944e+00
2.283183183183183118e+01,7.663219482022991969e+00
2.286486486486486314e+01,7.663947921431687682e+00
2.289789789789789154e+01,7.664674000026786338e+00
2.293093093093092705e+01,7.665397727998888300e+00
2.296396396396395900e+01,7.666119115483666313e+00
2.299699699699699451e+01,7.666838172562222553e+00
2.303003003003003002e+01,7.667554909261441232e+00
2.306306306306305842e+01,7.668269335554333210e+00
2.309609609609609038e+01,7.668981461360392160e+00
2.312912912912912589e+01,7.669691296545929404e+00
2.316216216216216139e+01,7.670398850924421197e+00
2.319519519519519335e+01,7.671104134256846230e+00
2.322822822822822175e+01,7.671807156252021365e+00
2.326126126126125726e+01,7.672507926566939140e+00
2.329429429429428922e+01,7.673206454807095511e+00
2.332732732732732472e+01,7.673902750526821137e+00
2.336036036036036023e+01,7.674596823229606457e+00
2.339339339339338508e+01,7.675288682368429427e+00
2.342642642642642059e+01,7.675978337346071712e+00
2.345945945945945610e+01,7.676665797515445533e+00
2.349249249249249161e+01,7.677351072179902758e+00
2.352552552552552356e+01,7.678034170593556418e+00
2.355855855855855907e+01,7.678715101961588907e+00
2.359159159159158747e+01,7.679393875440564621e+00
2.362462462462461943e+01,7.680070500138734602e+00
2.365765765765765494e+01,7.680744985116347401e+00
2.369069069069069045e+01,7.681417339385945731e+00
2.372372372372372240e+01,7.682087571912672885e+00
2.375675675675675080e+01,7.682755691614570281e+00
2.378978978978978631e+01,7.683421707362872333e+00
2.382282282282281827e+01,7.684085627982301325e+00
2.385585585585585378e+01,7.684747462251362293e+00
2.388888888888888928e+01,7.685407218902630788e+00
2.392192192192191413e+01,7.686064906623040649e+00
2.395495495495494964e+01,7.686720534054172660e+00
2.398798798798798515e+01,7.687374109792535215e+00
2.402102102102102066e+01,7.688025642389847647e+00
2.405405405405405261e+01,7.688675140353320003e+00
2.408708708708708102e+01,7.689322612145931934e+00
2.412012012012011652e+01,7.689968066186703588e+00
2.415315315315314848e+01,7.690611510850977162e+00
2.418618618618618399e+01,7.691252954470680692e+00
2.421921921921921950e+01,7.691892405334602500e+00
2.425225225225224435e+01,7.692529871688657650e+00
2.428528528528527985e+01,7.693165361736154395e+00
2.431831831831831536e+01,7.693798883638056196e+00
2.435135135135134732e+01,7.694430445513247285e+00
2.438438438438438283e+01,7.695060055438788460e+00
2.441741741741741123e+01,7.695687721450177321e+00
2.445045045045044674e+01,7.696313451541607620e+00
2.448348348348347869e+01,7.696937253666217948e+00
2.451651651651651420e+01,7.697559135736348424e+00
2.454954954954954971e+01,7.698179105623790264e+00
2.458258258258257456e+01,7.698797171160038033e+00
2.461561561561561007e+01,7.699413340136529449e+00
2.464864864864864558e+01,7.700027620304899401e+00
2.468168168168167753e+01,7.700640019377219758e+00
2.471471471471471304e+01,7.701250545026238292e+00
2.474774774774774855e+01,7.701859204885627364e+00
2.478078078078077340e+01,7.702466006550213962e+00
2.481381381381380891e+01,7.703070957576222177e+00
2.484684684684684441e+01,7.703674065481505018e+00
2.487987987987987992e+01,7.704275337745780661e+00
2.491291291291291188e+01,7.704874781810862494e+00
2.494594594594594028e+01,7.705472405080890042e+00
2.497897897897897579e+01,7.706068214922559001e+00
2.501201201201200774e+01,7.706662218665345954e+00
2.504504504504504325e+01,7.707254423601733073e+00
2.507807807807807876e+01,7.707844836987436388e+00
2.511111111111110361e+01,7.708433466041623383e+00
2.514414414414413912e+01,7.709020317947135936e+00
2.517717717717717463e+01,7.709605399850709695e+00
2.521021021021020658e+01,7.710188718863189905e+00
2.524324324324324209e+01,7.710770282059749903e+00
2.527627627627627049e+01,7.711350096480101612e+00
2.530930930930930600e+01,7.711928169128715815e+00
2.534234234234233796e+01,7.712504506975024654e+00
2.537537537537537347e+01,7.713079116953638348e+00
2.540840840840840897e+01,7.713652005964551250e+00
2.544144144144143382e+01,7.714223180873349683e+00
2.547447447447446933e+01,7.714792648511417994e+00
2.550750750750750484e+01,7.715360415676140171e+00
2.554054054054053680e+01,7.715926489131105903e+00
2.557357357357357230e+01,7.716490875606311306e+00
2.560660660660660071e+01,7.717053581798356987e+00
2.563963963963963266e+01,7.717614614370648773e+00
2.567267267267266817e+01,7.718173979953595776e+00
2.570570570570570368e+01,7.718731685144802235e+00
2.573873873873873563e+01,7.719287736509267361e+00
2.577177177177176404e+01,7.719842140579572742e+00
2.580480480480479955e+01,7.720394903856080404e+00
2.583783783783783505e+01,7.720946032807119330e+00
2.587087087087086701e+01,7.721495533869173755e+00
2.590390390390390252e+01,7.722043413447075011e+00
2.593693693693693803e+01,7.722589677914185380e+00
2.596996996996996288e+01,7.723134333612585500e+00
2.600300300300299838e+01,7.723677386853254667e+00
2.603603603603603389e+01,7.724218843916257349e+00
2.606906906906906585e+01,7.724758711050924376e+00
2.610210210210210136e+01,7.725296994476030576e+00
2.613513513513512976e+01,7.725833700379977742e+00
2.616816816816816171e+01,7.726368834920968709e+00
2.620120120120119722e+01,7.726902404227186771e+00
2.623423423423423273e+01,7.727434414396968876e+00
2.626726726726726824e+01,7.727964871498982369e+00
2.630030030030029309e+01,7.728493781572395527e+00
2.633333333333332860e+01,7.729021150627053416e+00
2.636636636636636410e+01,7.729546984643641316e+00
2.639939939939939606e+01,7.730071289573863247e+00
2.643243243243243157e+01,7.730594071340603612e+00
2.646546546546545997e+01,7.731115335838096847e+00
2.649849849849849193e+01,7.731635088932094391e+00
2.653153153153152743e+01,7.732153336460029003e+00
2.656456456456456294e+01,7.732670084231177299e+00
2.659759759759759490e+01,7.733185338026825839e+00
2.663063063063062330e+01,7.733699103600428337e+00
2.666366366366365881e+01,7.734211386677769973e+00
2.669669669669669432e+01,7.734722192957126374e+00
2.672972972972972627e+01,7.735231528109419941e+00
2.676276276276276178e+01,7.735739397778379711e+00
2.679579579579579018e+01,7.736245807580695910e+00
2.682882882882882214e+01,7.736750763106176265e+00
2.686186186186185765e+01,7.737254269917899663e+00
2.689489489489489316e+01,7.737756333552370691e+00
2.692792792792792511e+01,7.738256959519669742e+00
2.696096096096095351e+01,7.738756153303605778e+00
2.699399399399398902e+01,7.739253920361865546e+00
2.702702702702702098e+01,7.739750266126165457e+00
2.706006006006005649e+01,7.740245196002392802e+00
2.709309309309309199e+01,7.740738715370762968e+00
2.712612612612612750e+01,7.741230829585957096e+00
2.715915915915915235e+01,7.741721543977270414e+00
2.719219219219218786e+01,7.742210863848759672e+00
2.722522522522522337e+01,7.742698794479379032e+00
2.725825825825825532e+01,7.743185341123131948e+00
2.729129129129129083e+01,7.743670509009203506e+00
2.732432432432431924e+01,7.744154303342106971e+00
2.735735735735735119e+01,7.744636729301820566e+00
2.739039039039038670e+01,7.745117792043926919e+00
2.742342342342342221e+01,7.745597496699751616e+00
2.745645645645645416e+01,7.746075848376499096e+00
2.748948948948948257e+01,7.746552852157387647e+00
2.752252252252251807e+01,7.747028513101786196e+00
2.755555555555555003e+01,7.747502836245349300e+00
2.758858858858858554e+01,7.747975826600145943e+00
2.762162162162162105e+01,7.748447489154797196e+00
2.765465465465464945e+01,7.748917828874604119e+00
2.768768768768768140e+01,7.749386850701681873e+00
2.772072072072071691e+01,7.749854559555084954e+00
2.775375375375375242e+01,7.750320960330939535e+00
2.778678678678678438e+01,7.750786057902571358e+00
2.781981981981981278e+01,7.751249857120632747e+00
2.785285285285284829e+01,7.751712362813227841e+00
2.788588588588588024e+01,7.752173579786038715e+00
2.791891891891891575e+01,7.752633512822451500e+00
2.795195195195195126e+01,7.753092166683680730e+00
2.798498498498497611e+01,7.753549546108888357e+00
2.801801801801801162e+01,7.754005655815312537e+00
2.805105105105104712e+01,7.754460500498383979e+00
2.808408408408408263e+01,7.754914084831848520e+00
2.811711711711711459e+01,7.755366413467889686e+00
2.815015015015014299e+01,7.755817491037242384e+00
2.818318318318317850e+01,7.756267322149317245e+00
2.821621621621621046e+01,7.756715911392315199e+00
2.824924924924924596e+01,7.757163263333345604e+00
2.828228228228228147e+01,7.757609382518540819e+00
2.831531531531531343e+01,7.758054273473174334e+00
2.834834834834834183e+01,7.758497940701772677e+00
2.838138138138137734e+01,7.758940388688232659e+00
2.841441441441440929e+01,7.759381621895931502e+00
2.844744744744744480e+01,7.759821644767842308e+00
2.848048048048048031e+01,7.760260461726641523e+00
2.851351351351350871e+01,7.760698077174825293e+00
2.854654654654654067e+01,7.761134495494817820e+00
2.857957957957957618e+01,7.761569721049079718e+00
2.861261261261261168e+01,7.762003758180218149e+00
2.864564564564564364e+01,7.762436611211095183e+00
2.867867867867867204e+01,7.762868284444935263e+00
2.871171171171170755e+01,7.763298782165433565e+00
2.874474474474473951e+01,7.763728108636859027e+00
2.877777777777777501e+01,7.764156268104162706e+00
2.881081081081081052e+01,7.764583264793081696e+00
2.884384384384383537e+01,7.765009102910244820e+00
2.887687687687687088e+01,7.765433786643272995e+00
2.890990990990990639e+01,7.765857320160884925e+00
2.894294294294294190e+01,7.766279707613000127e+00
2.897597597597597385e+01,7.766700953130836638e+00
2.900900900900900226e+01,7.767121060827016699e+00
2.904204204204203776e+01,7.767540034795663573e+00
2.907507507507506972e+01,7.767957879112502795e+00
2.910810810810810523e+01,7.768374597834962536e+00
2.914114114114114074e+01,7.768790195002267751e+00
2.917417417417416559e+01,7.769204674635544983e+00
2.920720720720720109e+01,7.769618040737912068e+00
2.924024024024023660e+01,7.770030297294581167e+00
2.927327327327326856e+01,7.770441448272950247e+00
2.930630630630630407e+01,7.770851497622701665e+00
2.933933933933933247e+01,7.771260449275893656e+00
2.937237237237236442e+01,7.771668307147058918e+00
2.940540540540539993e+01,7.772075075133295208e+00
2.943843843843843544e+01,7.772480757114358596e+00
2.947147147147147095e+01,7.772885356952757618e+00
2.950450450450450290e+01,7.773288878493844756e+00
2.953753753753753841e+01,7.773691325565904364e+00
2.957057057057056682e+01,7.774092701980248599e+00
2.960360360360359877e+01,7.774493011531307118e+00
2.963663663663663428e+01,7.774892257996710576e+00
2.966966966966966979e+01,7.775290445137388318e+00
2.970270270270270174e+01,7.775687576697651870e+00
2.973573573573573015e+01,7.776083656405281097e+00
2.976876876876876565e+01,7.776478687971619230e+00
2.980180180180179761e+01,7.776872675091651033e+00
2.983483483483483312e+01,7.777265621444096055e+00
2.986786786786786863e+01,7.777657530691491239e+00
2.990090090090089703e+01,7.778048406480274402e+00
2.993393393393392898e+01,7.778438252440874834e+00
2.996696696696696449e+01,7.778827072187792346e+00
3.000000000000000000e+01,7.779214869319683423e+00
